000T LOG TRANSPORTES LTDA             TIGRE SA TUBOS E CONEXOES          120920191501OCO120915010                         
340OCORR120915010                                                                                                       
34128080584000171T LOG TRANSPORTES LTDA                                                                                 
342088625300007461  002700350107082019150100
342088625300007461  002704860108082019150100
342088625300007461  002704870108082019150100
342088625300007461  002704880108082019150100
342088625300007461  002704890108082019150100
342088625300007461  002705020108082019150100
342088625300007461  002705030108082019150100
342088625300007461  002705040108082019150100
342088625300007461  002711770109082019150100
342088625300007461  002711780109082019150100
342088625300007461  002711790109082019150100
342088625300007461  002711800109082019150100
342088625300007461  002711810109082019150100
342088625300007461  002714820112082019150100
342088625300007461  002733350114082019150100
342088625300007461  002738040115082019150100
342088625300007461  002738110115082019150100
342088625300007461  002738120115082019150100
342088625300007461  002738150115082019150100
342088625300007461  002738160115082019150100
342088625300007461  002738170115082019150100
342088625300007461  002738180115082019150100
342088625300007461  002740670116082019150100
342088625300007461  002740680116082019150100
342088625300007461  002744350119082019150100
342088625300007461  002755580119082019150100
342088625300007461  002756990129082019150100
342088625300007461  002769530122082019150100
342088625300007461  002769540122082019150100
342088625300007461  002769550122082019150100
342088625300007461  002769560122082019150100
342088625300007461  002769570122082019150100
342088625300007461  002769580122082019150100
342088625300007461  002769590122082019150100
342088625300007461  002769600122082019150100
342088625300007461  002769610122082019150100
342088625300007461  002769620122082019150100
342088625300007461  002771380123082019150100
342088625300007461  002771390123082019150100
342088625300007461  002771400123082019150100
342088625300007461  002771410123082019150100
342088625300007461  002771420123082019150100
342088625300007461  002771430123082019150100
342088625300007461  002771440123082019150100
342088625300007461  002771450123082019150100
342088625300007461  002771460123082019150100
342088625300007461  002772630126082019150100
342088625300007461  002781300126082019150100
342088625300007461  002785620124082019150100
342088625300007461  002790170124082019150100
342088625300007461  002791630130082019150100
342088625300007461  002792650126082019150100
342088625300007461  002792660126082019150100
342088625300007461  002792790126082019150100
342088625300007461  002792800126082019150100
342088625300007461  002792810126082019150100
342088625300007461  002792850126082019150100
342088625300007461  002792900126082019150100
342088625300007461  002794800126082019150100
342088625300007461  002794810126082019150100
342088625300007461  002794820126082019150100
342088625300007461  002794830126082019150100
342088625300007461  002794840126082019150100
342088625300007461  002794850126082019150100
342088625300007461  002794860126082019150100
342088625300007461  002794870126082019150100
342088625300007461  002794880126082019150100
342088625300007461  002794890126082019150100
342088625300007461  002794900126082019150100
342088625300007461  002794910126082019150100
342088625300007461  002794920126082019150100
342088625300007461  002794930126082019150100
342088625300007461  002796780126082019150100
342088625300007461  002799240127082019150100
342088625300007461  002799260127082019150100
342088625300007461  002799270127082019150100
342088625300007461  002799280127082019150100
342088625300007461  002799290127082019150100
342088625300007461  002799300127082019150100
342088625300007461  002799310127082019150100
342088625300007461  002799400127082019150100
342088625300007461  002799870127082019150100
342088625300007461  002799940127082019150100
342088625300007461  002799950127082019150100
342088625300007461  002799960127082019150100
342088625300007461  002799970127082019150100
342088625300007461  002800010127082019150100
342088625300007461  002800020127082019150100
342088625300007461  002801280130082019150100
342088625300007461  002804720128082019150100
342088625300007461  002804730128082019150100
342088625300007461  002804740128082019150100
342088625300007461  002804750128082019150100
342088625300007461  002804760128082019150100
342088625300007461  002804790128082019150100
342088625300007461  002804800128082019150100
342088625300007461  002811770129082019150100
342088625300007461  002811780129082019150100
342088625300007461  002813160102092019150100
342088625300007461  002813170103092019150100
342088625300007461  002813180103092019150100
342088625300007461  002813190103092019150100
342088625300007461  002813200102092019150100
342088625300007461  002813210102092019150100
342088625300007461  002813220102092019150100
342088625300007461  002813260103092019150100
342088625300007461  002813320102092019150100
342088625300007461  002813350103092019150100
342088625300007461  002813360102092019150100
342088625300007461  002813370102092019150100
342088625300007461  002813380102092019150100
342088625300007461  002818510130082019150100
342088625300007461  002818530130082019150100
342088625300007461  002818560130082019150100
342088625300007461  002818690110092019150100
342088625300007461  002819170104092019150100
342088625300007461  002821200102092019150100
342088625300007461  002821210102092019150100
342088625300007461  002821340103092019150100
342088625300007461  002821460106092019150100
342088625300007461  002821490104092019150100
342088625300007461  002821510104092019150100
342088625300007461  002821520104092019150100
342088625300007461  002821550104092019150100
342088625300007461  002821620103092019150100
342088625300007461  002821630103092019150100
342088625300007461  002821640103092019150100
342088625300007461  002821660103092019150100
342088625300007461  002822470102092019150100
342088625300007461  002822480102092019150100
342088625300007461  002822490102092019150100
342088625300007461  002822500102092019150100
342088625300007461  002822510102092019150100
342088625300007461  002822520102092019150100
342088625300007461  002822530102092019150100
342088625300007461  002822540102092019150100
342088625300007461  002822550102092019150100
342088625300007461  002822560102092019150100
342088625300007461  002822570102092019150100
342088625300007461  002822580102092019150100
342088625300007461  002822590102092019150100
342088625300007461  002822600102092019150100
342088625300007461  002824240130082019150100
342088625300007461  002824250130082019150100
342088625300007461  002824930105092019150100
342088625300007461  002825040103092019150100
342088625300007461  002825060105092019150100
342088625300007461  002825070104092019150100
342088625300007461  002825080104092019150100
342088625300007461  002825120105092019150100
342088625300007461  002825130105092019150100
342088625300007461  002825140106092019150100
342088625300007461  002825150104092019150100
342088625300007461  002825170104092019150100
342088625300007461  002825310105092019150100
342088625300007461  002825380110092019150100
342088625300007461  002825390106092019150100
342088625300007461  002825400105092019150100
342088625300007461  002825420109092019150100
342088625300007461  002825430106092019150100
342088625300007461  002825450105092019150100
342088625300007461  002825460106092019150100
342088625300007461  002825470105092019150100
342088625300007461  002825490106092019150100
342088625300007461  002825500106092019150100
342088625300007461  002825510109092019150100
342088625300007461  002825520106092019150100
342088625300007461  002825540106092019150100
342088625300007461  002825570105092019150100
342088625300007461  002825610110092019150100
342088625300007461  002825640104092019150100
342088625300007461  002825650105092019150100
342088625300007461  002825660106092019150100
342088625300007461  002825670105092019150100
342088625300007461  002825680106092019150100
342088625300007461  002825690106092019150100
342088625300007461  002825700106092019150100
342088625300007461  002825710106092019150100
342088625300007461  002825720106092019150100
342088625300007461  002825730106092019150100
342088625300007461  002825750110092019150100
342088625300007461  002825760105092019150100
342088625300007461  002825770106092019150100
342088625300007461  002825780110092019150100
342088625300007461  002825860103092019150100
342088625300007461  002826140105092019150100
342088625300007461  002826150105092019150100
342088625300007461  002826180106092019150100
342088625300007461  002826230104092019150100
342088625300007461  002826240105092019150100
342088625300007461  002826250105092019150100
342088625300007461  002826270105092019150100
342088625300007461  002826280104092019150100
342088625300007461  002826290104092019150100
342088625300007461  002826300106092019150100
342088625300007461  002826330105092019150100
342088625300007461  002826360105092019150100
342088625300007461  002826370105092019150100
342088625300007461  002827010102092019150100
342088625300007461  002827020102092019150100
342088625300007461  002827030102092019150100
342088625300007461  002827040102092019150100
342088625300007461  002827380102092019150100
342088625300007461  002827390102092019150100
342088625300007461  002827400103092019150100
342088625300007461  002827410103092019150100
342088625300007461  002827420103092019150100
342088625300007461  002827430102092019150100
342088625300007461  002827440102092019150100
342088625300007461  002827450103092019150100
342088625300007461  002827460103092019150100
342088625300007461  002827470102092019150100
342088625300007461  002827490103092019150100
342088625300007461  002827510103092019150100
342088625300007461  002827520103092019150100
342088625300007461  002827530103092019150100
342088625300007461  002827540103092019150100
342088625300007461  002827550103092019150100
342088625300007461  002827560103092019150100
342088625300007461  002827570103092019150100
342088625300007461  002827580102092019150100
342088625300007461  002828800105092019150100
342088625300007461  002828830110092019150100
342088625300007461  002828880105092019150100
342088625300007461  002828890105092019150100
342088625300007461  002828900105092019150100
342088625300007461  002828930105092019150100
342088625300007461  002828940104092019150100
342088625300007461  002828950104092019150100
342088625300007461  002828960104092019150100
342088625300007461  002828970104092019150100
342088625300007461  002828980104092019150100
342088625300007461  002829000104092019150100
342088625300007461  002829080105092019150100
342088625300007461  002829090105092019150100
342088625300007461  002829100104092019150100
342088625300007461  002829120106092019150100
342088625300007461  002829140104092019150100
342088625300007461  002829150104092019150100
342088625300007461  002829160105092019150100
342088625300007461  002829170105092019150100
342088625300007461  002829180109092019150100
342088625300007461  002829190104092019150100
342088625300007461  002829200104092019150100
342088625300007461  002829450106092019150100
342088625300007461  002829460109092019150100
342088625300007461  002829470109092019150100
342088625300007461  002829490106092019150100
342088625300007461  002829570106092019150100
342088625300007461  002829590106092019150100
342088625300007461  002829610106092019150100
342088625300007461  002829790102092019150100
342088625300007461  002829810104092019150100
342088625300007461  002829860105092019150100
342088625300007461  002829890105092019150100
342088625300007461  002829910102092019150100
